3747625638464511645: 30476 (3499), 30411 (2955), 30346 (540), 1350 (709), 1422 (24), 1097 (22)
1015628586179061065: 31028 (1687), 2868 (214), 2998 (18), 30898 (1232), 2738 (244), 2803 (71), 30963 (24)
16238484964528342013: 1350 (1644), 1669 (26)
3597030414811205413: 2745 (1366), 2942 (272)
10449864508289965413: 1669 (223), 2117 (1021), 1153 (44), 30411 (73)
9661946448422874316: 2237 (178), 2942 (46)
5792261709132506619: 1162 (93), 8580 (58), 1227 (20)
9281637818283944306: 2942 (93)
8399146532441527412: 1227 (77), 30411 (15)
12941117219844376944: 2803 (48), 2608 (18), 12220 (22)
7102637266290341759: 2942 (1999), 30963 (797), 31093 (30), 2868 (65), 2803 (31), 2998 (22)
10318907207894479280: 30346 (1772), 1350 (164), 2434 (28), 1858 (21)
13477026053150277241: 2998 (575), 2868 (1153), 30898 (34)
11417658499789052567: 1357 (38), 1350 (38), 1153 (437), 1422 (65)
7882767091788426645: 30963 (16)
3094011091007511312: 2266 (16)
17716150297999640786: 2285 (16)
655707543688858912: 30476 (16)
3675935590469334772: 2659 (16)
17487787899130196: 2868 (83), 31028 (148), 30898 (76), 2942 (146), 2738 (44), 2998 (30)
14214733469088503547: 1153 (47), 1422 (16), 1350 (16)
8867871804906661979: 30963 (37)
4360634778211770078: 30411 (36)
8355012742718180597: 2942 (20)
11409669870220937786: 2266 (24)
6385680519547101745: 2284 (28), 2285 (10)
29423319169667529: 2434 (29)
12692535587276953080: 2738 (20)
6822424558882269261: 30411 (202)
593773261241254319: 30963 (202)
6218885337249844451: 705 (59), 1153 (130), 2332 (14)
14467684841940341518: 30898 (28), 2942 (16)
9375364525781938201: 1350 (13), 2268 (14)
14368338425400833642: 1762 (10)
13316777146335230965: 2942 (329), 2608 (660), 31093 (18)
5516471303560562419: 1227 (128), 8580 (196)
10059255560718474231: 2237 (112), 2803 (16)
6768270245159785152: 2721 (48), 1162 (37), 8580 (12)
4855059962116068136: 2739 (48)
8840652044844907851: 1153 (82), 1422 (58)
3241536246865030928: 2942 (52), 2745 (15), 1661 (13)
15617501802330952214: 1350 (47)
16146785263796892213: 2745 (94)
4682265700791541877: 1422 (72), 1292 (14)
17422065937222297078: 1661 (16), 30963 (39), 1770 (11)
16998876077525922578: 901 (11)
9111558303241353686: 1350 (714), 1153 (307), 1422 (156)
5105576202188593653: 30963 (417), 1661 (35), 2673 (231), 30898 (29)
94490755473387376: 1153 (325), 1422 (85), 2434 (15)
12033388177917651481: 30898 (32), 1661 (111), 1699 (45), 3389 (141), 2738 (53), 3321 (23)
17015540720792307982: 2266 (28)
6286853039324677973: 2285 (23)
7498182181629433621: 1569 (635), 2721 (25)
13025454547318428426: 2942 (612), 2803 (18)
4648689841958923788: 8580 (566), 1227 (34)
2188298844321428532: 3389 (429), 2237 (16), 1837 (54), 30833 (65)
13846071497015134070: 1661 (286), 30963 (17)
15710982920464208274: 643 (106), 1350 (71), 1292 (75), 1357 (23)
13842977588039554536: 12220 (61), 30963 (36)
9476337099369316098: 1032 (41), 30476 (12)
13740331919055735564: 30411 (18)
16734505726121763566: 3517 (16)
9507220397966587500: 1153 (13)
5439080095751272407: 1282 (10)
1320506387601398987: 1837 (192)
9040810115945017703: 30411 (137), 261 (55)
3162925215362848901: 2780 (136)
3978746187858826259: 1422 (13), 1153 (11), 1350 (52)
4387007513706330675: 30346 (721), 1350 (59), 1858 (12)
1240928636470595123: 2738 (521), 2868 (141), 1699 (57)
13328566486048927103: 1350 (342), 1153 (161), 2266 (12)
9246154024649674076: 2942 (346)
8363240818534658138: 1292 (125), 1153 (245)
14721072336260509790: 1422 (18)
17597634278099794789: 2942 (18)
33662707846923875: 901 (18)
15666177130592046665: 2998 (12)
13605534838590979325: 1539 (12), 2266 (41), 2434 (56)
17177837345441484747: 2745 (15)
9920283554043431426: 1422 (16), 1153 (105), 1350 (18)
10327247909802546525: 30476 (15)
13256809235296597374: 30963 (29)
17324417120218874875: 30411 (26)
13770407311632044496: 3389 (12)
8798244817787753718: 2284 (46)
3672345401349651256: 12220 (10)
6698288135998246673: 705 (18), 706 (20)
12220498971123945786: 3389 (55), 1661 (58), 1699 (44)
6004171362795663722: 901 (63)
9965888860685564224: 12220 (106)
13230586067625775507: 2998 (61), 30963 (31), 2868 (64)
17236081416015336237: 2434 (15), 30346 (26), 1422 (10)
6881118966858864412: 3517 (15)
3409368736432153541: 2942 (44)
15785189139115712195: 30411 (16), 2117 (34)
10197238883539072801: 1764 (15)
11773475165884539037: 1749 (15)
10556866371362351561: 1661 (18)
912639905447247550: 2942 (319), 30898 (90), 30963 (263), 2998 (16)
17936317819503477688: 30346 (239), 1422 (66), 30411 (10)
14760132866754202737: 2998 (77), 2868 (71), 30898 (52), 2673 (20), 2738 (18)
16838165709910599839: 1422 (12), 1153 (64)
6381616001231875356: 3517 (11)
3078761859947381335: 901 (12)
17499743258284439635: 1661 (13), 1770 (16)
16786091008463253175: 8580 (12)
13126088738089481359: 12220 (12)
6618130604579045631: 2780 (55)
2136041896575400920: 2426 (49), 1978 (39), 2608 (25), 2868 (15)
10014954836052480371: 1153 (49)
3794747738419408851: 2868 (46)
12023431678085102260: 3517 (38)
15344387353896572415: 1422 (38), 1153 (19)
18363478439442117783: 773 (10)
697010562259815390: 1153 (37), 1422 (42)
4034679907436016802: 2868 (21), 31028 (58), 30898 (11)
17785469722181804872: 1350 (88), 1357 (15), 773 (20), 1487 (15)
17437224579034483082: 2942 (71), 1827 (22), 1661 (35)
413685135662871692: 2332 (45), 2434 (26)
16095664962360325987: 3309 (45)
17217192387476807458: 30541 (42)
5926260292733881254: 30898 (42)
10757528882190841029: 30898 (14)
16111097071671629778: 1162 (14)
8281606399147506955: 2745 (13)
15132223774424117067: 1350 (13)
2184278695912332975: 2942 (25)
16866225557732991913: 1227 (22)
3244570879235489453: 2738 (14)
17947471155854670769: 1350 (13)
12456295386744072869: 1350 (1126), 1153 (53), 1162 (34)
16834681213501107414: 2868 (223), 2803 (582), 2745 (296), 2998 (18)
5840891517088091433: 30411 (189)
548485588682925259: 1762 (189)
11482602147010749789: 1749 (189)
12589859558048476169: 2745 (113), 2608 (56), 2942 (19)
1033139528355151433: 1153 (115)
12683139612567945449: 3259 (64), 2608 (45), 2803 (10)
2316619611823203383: 3517 (169), 30963 (268)
5913139637460421500: 30476 (153), 1350 (10)
7500094625842065576: 2803 (146)
14878427494427984747: 12220 (90)
10178283398868344393: 12220 (28)
8539948963654113021: 2739 (25)
16183752241913885673: 8580 (25)
5077298133552651689: 30346 (61), 30476 (15)
1125684483448009776: 2942 (25), 2745 (34)
9658796556322369382: 1422 (10), 1153 (30)
9769609442052010760: 30833 (14), 2803 (14)
18250649590463554796: 8580 (13)
3608757328221375662: 30411 (220), 1153 (10)
7243898113415718220: 30963 (220)
4248886854805661696: 2332 (113), 1153 (46), 2268 (32), 705 (24)
18010058544179597350: 2218 (22), 2426 (91)
759072826709865905: 2203 (15)
9018560224859023035: 2868 (12)
8392954574949700472: 30963 (12)
4611659546545441595: 3389 (20), 1699 (11)
14211973900043938667: 8580 (18)
11233668566253138259: 12220 (18)
14938406365545872469: 1661 (36), 30963 (98), 30898 (22)
15375392903724247729: 706 (27)
16995410321561995862: 3353 (13)
15178374395939012640: 1153 (33), 30411 (25)
7850207027058835072: 31028 (16)
7758270560353531087: 1292 (11)
16863597510419878838: 2942 (10)
7973744387573627533: 705 (13), 1350 (58)
16845557207892844201: 2868 (13)
5866149322952114006: 1099 (12)
18297144830707758808: 30963 (13)
4497020664271981840: 1153 (13)
12950188699158480862: 706 (58)
10161209018759046969: 3353 (51)
14243754449781518883: 2325 (223), 30411 (41)
209051418263331294: 2803 (223)
8374515600733150917: 1380 (217)
17614235642376146159: 1837 (217)
11193235664335167811: 1153 (83), 30411 (116)
2667184460241821667: 1180 (80)
3408812157211041556: 2738 (32), 3517 (27)
18112274233005038088: 901 (23)
2469468372695552546: 30963 (23)
15294905822248847772: 1350 (59), 1153 (81)
17071474166121097663: 2942 (39)
13063746503721397897: 30963 (13)
16819703401350766004: 1810 (22)
4727212041871155013: 3321 (23)
8703438369224563785: 1350 (15)
12249262740632072728: 30476 (13), 30411 (12), 1350 (15)
11492693562536416205: 30411 (496), 2117 (79)
14550462686209767983: 1762 (491)
5848867310847179705: 1749 (483)
6974130324973236973: 2942 (483)
10703320985660805099: 1153 (479)
3088403988601794891: 2608 (411), 2745 (22), 2998 (45)
1777457716074321081: 1422 (41), 1153 (79)
2457940765538303382: 1764 (15)
4061986150608654790: 30963 (32), 2745 (28), 2868 (11)
9208179775426455363: 2266 (32)
11594038758878934145: 2285 (32)
6639342206064505203: 1292 (19)
3861594170238958321: 1187 (12)
5422137682482972731: 1422 (97), 30411 (108), 30346 (30), 1292 (18), 1097 (10)
16422112952095241841: 2942 (33), 1978 (18), 2998 (28), 2738 (14)
1704563629023464311: 901 (33)
14896001580625281885: 2868 (29), 2738 (19)
8509257093774041762: 8580 (27)
2939694704907745434: 3389 (28)
15136336494169675978: 30346 (14)
10608339334562110401: 1837 (41)
16571297926634786212: 2331 (11), 1221 (30)
908856713316645068: 3063 (38), 3321 (14)
10088479147083283262: 2267 (33)
12536044695341775109: 30833 (17)
5282323392976928406: 30411 (149), 2117 (102), 1153 (42)
2296002914220316532: 1762 (149)
9735642270764783330: 1749 (148)
13184776438387695542: 2942 (103), 2998 (19), 31028 (14)
4808014259475522224: 1153 (103)
18225115327795338256: 31028 (89), 2803 (13)
6196964937491978926: 2868 (58)
17199181533753031505: 773 (56)
17070066168890375046: 2218 (22), 3321 (12), 3390 (18)
308967810480658960: 2942 (94)
8024653079052874325: 2803 (21), 2745 (14)
13165690505661183325: 3322 (25), 3321 (50)
11449074520541446777: 3297 (23)
430923582339823773: 3323 (19)
2563816823368012851: 2942 (42)
15552129076671129909: 901 (38)
7602533936279328661: 1661 (11)
10106362343000683022: 30963 (10)
7472418553019486898: 1350 (88), 2434 (26), 2266 (122), 1858 (22)
5115604443017627992: 3517 (88)
3807722341912897043: 1292 (12), 1091 (35), 2266 (10)
8239021284090139082: 1227 (37)
13060778642835049678: 3389 (16), 2237 (16)
14112894734608133449: 30346 (47)
17863262224999260800: 2942 (18)
8956688298626280556: 30476 (38)
5068394515916249016: 1661 (34)
5320925408135087675: 2998 (16), 30963 (33)
11446116014515631583: 1422 (200), 1153 (30), 1032 (22)
3451418332251598940: 1661 (13), 3194 (39), 2618 (148)
3876009096069031608: 706 (11)
4638909464856444010: 2942 (15)
9861463883198532304: 901 (67), 1350 (31)
5197543769375144243: 1661 (10), 3389 (43), 1699 (14)
6955043292734822406: 2998 (56), 2868 (27), 2803 (11)
4047575334503275192: 2721 (38), 8580 (18)
2785189329097284432: 2739 (22), 2737 (16)
12735397233020223044: 1227 (20)
8622966671630132032: 3517 (19)
17805956983240097846: 31028 (14), 2998 (23)
17311863096579082873: 1669 (14)
118666859316543612: 2942 (19), 30963 (10)
17718662656810319226: 2332 (19)
3388866078277058197: 2285 (19)
2751475699695693513: 1350 (15)
2199814986194128618: 2745 (11)
8822334877430103380: 3517 (10)
596378115911062047: 1153 (10)
13119865419437157567: 2745 (21)
1656612640861421311: 1350 (10)
866609129988045538: 2267 (28)
3314455844172445913: 2803 (23)
6566708669975070658: 1153 (23)
16533910588869196130: 2284 (22)
16992864577904418670: 2332 (29)
3544392539735121025: 30898 (23)
8929583442767347606: 1032 (23)
12695492562208984057: 1177 (18)
8442047675757384172: 30346 (15)
7644729963345344316: 2738 (18), 3389 (40), 2942 (11), 1661 (10)
2591529526562014372: 1350 (51)
1972175172110640263: 2608 (14), 3321 (130)
14575286237453061882: 2868 (153), 2608 (78), 1699 (82)
8280465094975663877: 2434 (108), 1292 (92)
14026010952182704948: 3063 (75), 3321 (16), 1699 (14)
10439100915315259049: 30411 (69)
14289004240779026251: 2942 (61)
3164060487289952644: 1153 (64)
10789747936918890276: 2998 (41), 31028 (19)
14776950023229973914: 30541 (15), 1282 (14)
6729278020395019665: 12220 (13)
14827472678546524321: 2283 (115)
16330328470031315377: 30898 (28), 2673 (23), 30963 (11)
12140734620656571046: 1422 (29)
7247595644548215157: 1762 (17)
9113170346973806825: 1153 (14), 30346 (10), 1221 (25)
13847898767463218761: 3259 (12)
16963058349946271482: 1487 (23), 1091 (10)
3368590383162264897: 1374 (13), 2526 (10)
1148892104151959325: 1227 (12)
4730961722891195553: 1829 (11)
15295461190385894044: 1811 (11)
5801714387378571394: 2942 (11)
13530132116975142095: 901 (40)
7123083192495836389: 3389 (32)
4361535697424526856: 2332 (16)
16601877819455696359: 3309 (15)
14800209896125765432: 1153 (15)
8300427504725109144: 30833 (34), 2998 (10), 2868 (10)
11333176557660450153: 1827 (45)
9642603141092096343: 1810 (46)
3251758466238315430: 2426 (49), 3321 (12)
13436607744568693005: 1436 (46)
15178733281703690768: 2981 (46)
481170697601078239: 2942 (155)
17504846463166983897: 1350 (66), 1292 (86)
1911082231052493338: 2202 (18), 30216 (18), 1292 (27)
14381963077210403975: 1764 (73)
16822889421239165755: 1749 (72)
15606282831915690607: 2237 (34), 2942 (32)
1072060961562272600: 2715 (18)
9537248333840983281: 2939 (15)
18149505660701804854: 1153 (41)
14851281840986221898: 1837 (18)
9077264339704360151: 2022 (16)
407042350404385529: 1180 (13)
16855866263406222559: 30346 (127), 1858 (10)
15983290101495091990: 2738 (51), 2868 (84), 1699 (16)
9349807579656174941: 2868 (18)
5730199269754645662: 8580 (15)
1249978816381400742: 12220 (14)
2345574360834935679: 1661 (15), 3194 (15)
4225106970179575195: 2434 (11), 1292 (11)
13137713695989584755: 2266 (39)
7601727191001481393: 2285 (39)
14896979639998600578: 1539 (20), 643 (31), 1097 (78), 705 (13)
11245441927204038324: 3176 (19)
13987414495260273681: 8580 (10)
6730472345110605919: 901 (27)
9545830094866823285: 12220 (17)
14404496512598725279: 1153 (12)
8769335205715864639: 2803 (12)
15107271514249434145: 30963 (30)
10822953856138748580: 2325 (22)
5351508363963207456: 2942 (10)
11194040894227899739: 2608 (25), 2998 (14), 2868 (49)
5447506546517871035: 1350 (17)
1222291734481422479: 30216 (82)
10066324198616307656: 2426 (63), 2868 (18)
15323508118212760056: 3176 (20)
17174225411070401800: 30346 (14)
15738681714289332929: 2942 (12)
9766397275732812653: 1032 (18), 2266 (17)
2916772072414448283: 1177 (18)
3860863585848814909: 1177 (41)
15784764984753265892: 3517 (24)
7336104794567594108: 12220 (19), 2738 (10)
2761129705317087894: 901 (19)
18397039291321119420: 2803 (13)
12890876217774496099: 1350 (43)
13140948689823510038: 30476 (26), 1350 (22)
10107210392878781890: 31028 (17)
7135543038586762102: 1350 (17)
12949822030330167214: 1764 (15)
9561823455406396379: 1669 (14)
8806438723741112738: 1661 (10)
415513644798432330: 12220 (15)
6339040960121132607: 3517 (23), 30963 (41)
2725016709635996020: 30476 (14)
17296478679970227990: 30346 (24)
2138314963844162009: 2942 (49)
8842431504043864883: 1292 (27)
1369707152317724849: 2868 (25)
12370794269084588366: 1669 (27)
6136516514390725431: 30898 (22), 2608 (11)
12661255576734843528: 30411 (19)
17953124387272780650: 1762 (19)
7052838152995646204: 1749 (19)
5765445000378655656: 3517 (28)
14120930762286508005: 1350 (14)
18113472441294292934: 3517 (22)
10435821650093496172: 1350 (26), 2266 (15)
10656676603585677772: 30963 (12)
4352982130174235570: 2268 (13)
2290983360918897312: 2803 (12)
9298854689822708032: 30411 (12)
15537335483979184290: 12220 (12)
4360890294150397373: 1699 (36)
15576413700534319609: 8580 (20)
9725410454110512065: 3390 (20)
8197618768049352990: 3517 (15)
5343134932270291308: 2942 (10), 2237 (11)
11946079478193042841: 1661 (65)
9601426846825536286: 30963 (12)
12342260291863493763: 8580 (13)
7566586734029538827: 1422 (11)
984651115314967469: 1350 (14), 30476 (11)
3819697321740850062: 2998 (10)
6646147365691853385: 2434 (55), 1858 (107)
8296841447054792527: 901 (46)
13303377595705835888: 2285 (122)
4925518719884625026: 706 (15), 30476 (104)
12951246723070286352: 12220 (62)
17303541019706536186: 774 (13), 1221 (44)
436860634545019489: 30963 (11)
3505330708442971885: 1350 (47)
8235451377742549600: 2942 (20), 2745 (30)
11002657401791382406: 1422 (19), 30411 (10)
2993884322901296645: 30963 (15)
7685346218503433055: 12220 (16)
10585573347140971883: 1350 (14)
4780019939279692211: 3321 (14)
8864411816135205567: 1669 (15)
7788965564453606166: 3389 (16)
1921923686562186817: 8580 (19)
1183840308165927098: 2266 (34)
14934378479002121080: 2285 (34)
3712215431688599178: 1091 (12)
17624947902911456159: 12220 (20)
1095418505707991148: 1858 (14), 30346 (32)
14158290481759316351: 30963 (31), 30898 (12)
9093225369378276724: 2282 (13)
13018902267009204204: 1032 (14)
5231755167900813968: 3321 (22)
1065853283776389407: 30963 (22)
16787191447382260371: 1153 (10)
6245919867694236723: 2745 (14)
13299521232971796061: 30963 (34)
18375935864143591640: 901 (18), 30411 (11)
4255807050059972517: 2673 (20)
12758251387850305128: 30411 (10)
9527352126593395138: 1762 (25)
2085462584605157460: 1749 (25)
3248012784666779904: 2942 (21)
15660002462951627782: 1153 (18)
13699145480108120214: 2138 (12)
9436636486922094724: 2608 (12)
14853669554674215524: 1762 (10)
6261178512503172082: 1749 (10)
7423730917223490214: 2868 (25)
2685703588049794490: 1422 (11)
2583512666519571976: 30346 (11)
1722177915055980993: 3517 (11)
5287155302024861594: 2266 (22)
10841279041050231896: 2285 (22)
7689359272320336298: 1350 (10), 1153 (12)
5917293428522557833: 2745 (10)
17446535499807903256: 2285 (13)
7148666942341383673: 1162 (11), 8580 (14)
1969341585766750510: 901 (12)
10301530825141063221: 2942 (14)
12140324703314310991: 2942 (27)
17039266200286858872: 3063 (46)
2940561683281356768: 3194 (17)
4573518581926049153: 30963 (13)
3181238586045594085: 901 (12)
1027574024782295230: 901 (32)
6777917211684361902: 3517 (10)
7419382067268665472: 3517 (18)
12266297144635105125: 2745 (12), 2608 (20), 30898 (16)
10369345287035926097: 30411 (20), 8580 (14), 1162 (12)
15669377455948865459: 1762 (16)
6387649046160978095: 2299 (10)
3676607256276162803: 12220 (14)
11643146537889382199: 2268 (24)
3218924696991620523: 2299 (21)
4646491483860935406: 1153 (20)
18315653460925684814: 2787 (14)
7341666577489840972: 30411 (13)
3706824805775762094: 2942 (12)
13242899535603780252: 2282 (32)
17143278261256923230: 30346 (12), 1221 (16)
15696509365187340183: 2942 (12)
5782894889966468289: 1153 (21)
17155647946739860065: 2745 (11)
16522657737252769102: 1539 (11)
9555449629115703842: 1837 (11)
13110486439678079165: 1827 (18)
12495005766646293635: 1810 (18)
9625203514856972098: 2267 (12), 1350 (10)
11847308122302815609: 2284 (12)
18202671409290915457: 2266 (13)
11852759413066921965: 1827 (24)
13613138798035330003: 1803 (24)
9097539893675900758: 1187 (104)
1525398388382989139: 901 (18)
14714848594899776377: 2738 (11)
1062620442397786051: 2942 (56)
18086434696299070149: 1227 (53)
196559942497168851: 30963 (27)
12800035096462235129: 2139 (13)
11803084040455639081: 2803 (12)
7414665980077915195: 2738 (11)
3588805047118755258: 2673 (19)
16847856746865809808: 901 (17)
3517721871505658298: 3194 (17)
1611081126378874653: 8580 (10)
5226046128027778341: 3322 (10)
4733906264930901541: 1731 (16)
4232479420138687039: 2608 (16)
15076433505412263017: 2608 (12)
142451424659456137: 1249 (12)
867787525391047248: 2942 (11)
12815597033647560032: 901 (15)
7549383790489083210: 30963 (15)
10561716017212997446: 1350 (12)
12755190113575447073: 2868 (14)
2976371549891242999: 1661 (11)
3702395626417863955: 643 (11)
2987347017454172521: 1177 (10)
4460879516404195265: 12220 (31), 2803 (32)
3230317483480602473: 2715 (29)
11993017316190507200: 2737 (29)
16373859422134627668: 2683 (10)
398982563607550844: 12220 (108)
18405508882533211130: 30963 (11)
12002827545967596789: 2942 (16)
5967937052089051635: 1153 (12)
6204351346995691367: 2284 (15)
1075443791980186783: 1858 (15)
6295501462503021994: 2738 (14)
14000117470906896644: 30963 (12)
13495519986535707855: 901 (25)
7086236966232554725: 3517 (25)
1188570495301768110: 30411 (20)
2874564255233701966: 3517 (22)
6182730480653031173: 1292 (21)
4357783916522347655: 12220 (11)
16056726973345801313: 1350 (10)
13362095216270732500: 3517 (10)
14647476912087352223: 8580 (10)
4311969671260974372: 2659 (12)
6555246261091291407: 1153 (19)
16477838794616500143: 2803 (12)
11306406204961393505: 8580 (15)
13994228265489764697: 3517 (15)
2962808592172508816: 30898 (10), 30963 (12)
7188435908230989191: 2267 (10)
18314753747569410436: 901 (11)
2825439676273019310: 1371 (11)
13902326655499589937: 1762 (10)
4741581996243526510: 1749 (10)
7965485523743920149: 1032 (12)
15688276602060927451: 2745 (11)
8744209328273433499: 1162 (11)
12778903249121276206: 2282 (13)
9291168320027488313: 1422 (11)
10780309472320641447: 12220 (10)
9777936000890221043: 2266 (14)
5110804712157215308: 2942 (15)
17696213775250499259: 12220 (16)
4282569437190797424: 2942 (18)
14929007359559157110: 30346 (17)
18091630121131117247: 2868 (14)
5057686104959071993: 2268 (10)
14632103194212062309: 2299 (10)
12096635353089977120: 30411 (10)
10472693296979825211: 30963 (15)
16587616683153397507: 12220 (14)
13373640418709652694: 30963 (10)
2970476955377336757: 30476 (12)
1379016784442407521: 2803 (12)
13614294344932840307: 1153 (15)
3741602755504170493: 901 (12)
7715971823933542172: 2299 (10)
10913886125505575167: 2942 (20)
6866423348779317976: 2942 (12)
4031321260420723565: 901 (12)
3950781784139069940: 2258 (12)
15340374335781814026: 2659 (14)
